% Robot1= importrobot('Robot_import1');
%trajectiry 
j1=[0 10 40 20 -10 0];
j2=[0 05 25 45 25 0 ];
j3=[0 10 30 50 25 0];
j4=[0 -10 -40 -50 -25 0];
j5=[0 20 40 60 20 0];
j6=[0 -5 10 20 10 0];
wayp= [495  , 495   , 495,495 ,400 ,495 ;
        0   , 0   ,    10,30,40,0 ;
        663 , 450   ,  663, 450,450 , 663];
wayp2=[495,495,495,495,495;
        0,150,150,180,0;
        663,510,510,450,663];
Way = [495,495,495,495,600,600,495,495,495;
        0,0,0,0,0,0,0,0,0;
        660,500,350,350,350,350,350,500,660];

%Draw a box
Way4 = [495,   495,  495,  495,    495,    495,    495,     495;
         0,     0,   150,  150,   -150,     -150,     0,   0;
        661.75,   510,  510,  360,    360,     510,   510,   661.75];

% Draw letter S best speed 140,140,70
Way5 = [495, 492.8, 492.8,  492.8, 492.8,492.8  ,492.8,492.8,492.8,492.8,492.8,492.8,492.8  ;
        0,  150,150, -150, -150,-150 ,150 ,150,150,150,-150,-150,0 ;
        661.75, 664.4, 664.4, 664.4, 664.4,500  ,500,500,350,350,350,350,661.8];

%Draw letter N best speed 80,80,140
Way6 = [495,550,550,550,550,495;
        0,-200,-200,200,200,0;
        660,350,660,350,600,660;];
wp=wayp/1000;
waypointTrajectory=wp;
time_p =[0 1 2 3 4 5 ]./2;

